vn 0.0865 0.4696 -0.8786
vn 0.0464 -0.8810 -0.4709
vn 0.0938 0.2890 -0.9527
vn 0.0286 -0.9565 -0.2902
vn 0.0975 0.0975 -0.9904
vn 0.0097 0.9951 -0.0980
vn 0.0097 -0.9951 -0.0980
vn 0.0975 -0.0975 -0.9904
vn 0.0286 0.9565 -0.2902
vn 0.0938 -0.2890 -0.9527
vn 0.0464 0.8810 -0.4709
vn 0.0865 -0.4696 -0.8786
vn 0.0624 0.7715 -0.6332
vn 0.0759 -0.6326 -0.7708
vn 0.0759 0.6326 -0.7708
vn 0.0624 -0.7715 -0.6332
vn 0.2248 0.6326 -0.7412
vn 0.1847 -0.7715 -0.6088
vn 0.2563 0.4696 -0.8448
vn 0.1374 -0.8810 -0.4528
vn 0.2779 0.2890 -0.9161
vn 0.0846 -0.9565 -0.2790
vn 0.2889 0.0975 -0.9524
vn 0.0286 0.9951 -0.0942
vn 0.0286 -0.9951 -0.0942
vn 0.2889 -0.0975 -0.9524
vn 0.0846 0.9565 -0.2790
vn 0.2779 -0.2890 -0.9161
vn 0.1374 0.8810 -0.4528
vn 0.2563 -0.4696 -0.8448
vn 0.1847 0.7715 -0.6088
vn 0.2248 -0.6326 -0.7412
vn 0.4691 -0.0975 -0.8777
vn 0.1374 0.9565 -0.2571
vn 0.4513 -0.2890 -0.8443
vn 0.2230 0.8810 -0.4173
vn 0.4162 -0.4696 -0.7786
vn 0.2999 0.7715 -0.5611
vn 0.3651 -0.6326 -0.6831
vn 0.3651 0.6326 -0.6831
vn 0.2999 -0.7715 -0.5611
vn 0.4162 0.4696 -0.7786
vn 0.2230 -0.8810 -0.4173
vn 0.4513 0.2890 -0.8443
vn 0.1374 -0.9565 -0.2571
vn 0.4691 0.0975 -0.8777
vn 0.0464 0.9951 -0.0869
vn 0.0464 -0.9951 -0.0869
vn 0.4036 -0.7715 -0.4918
vn 0.5601 0.4696 -0.6825
vn 0.3002 -0.8810 -0.3658
vn 0.6073 0.2890 -0.7400
vn 0.1850 -0.9565 -0.2254
vn 0.6314 0.0976 -0.7693
vn 0.0625 0.9951 -0.0761
vn 0.0625 -0.9951 -0.0761
vn 0.6314 -0.0976 -0.7693
vn 0.1850 0.9565 -0.2254
vn 0.6073 -0.2890 -0.7400
vn 0.3002 0.8810 -0.3658
vn 0.5601 -0.4696 -0.6825
vn 0.4036 0.7715 -0.4918
vn 0.4913 -0.6326 -0.5987
vn 0.4913 0.6326 -0.5987
vn 0.2254 0.9565 -0.1850
vn 0.7400 -0.2890 -0.6073
vn 0.3658 0.8810 -0.3002
vn 0.6825 -0.4696 -0.5601
vn 0.4918 0.7715 -0.4036
vn 0.5987 -0.6326 -0.4913
vn 0.5987 0.6326 -0.4913
vn 0.4918 -0.7715 -0.4036
vn 0.6825 0.4696 -0.5601
vn 0.3658 -0.8810 -0.3002
vn 0.7400 0.2890 -0.6073
vn 0.2254 -0.9565 -0.1850
vn 0.7693 0.0976 -0.6314
vn 0.0761 0.9951 -0.0625
vn 0.0761 -0.9951 -0.0625
vn 0.7693 -0.0975 -0.6314
vn 0.7786 0.4696 -0.4162
vn 0.4173 -0.8810 -0.2230
vn 0.8443 0.2890 -0.4513
vn 0.2571 -0.9565 -0.1374
vn 0.8777 0.0976 -0.4691
vn 0.0869 0.9951 -0.0464
vn 0.0869 -0.9951 -0.0464
vn 0.8777 -0.0976 -0.4691
vn 0.2571 0.9565 -0.1374
vn 0.8443 -0.2890 -0.4513
vn 0.4173 0.8810 -0.2231
vn 0.7786 -0.4696 -0.4162
vn 0.5611 0.7715 -0.2999
vn 0.6831 -0.6326 -0.3651
vn 0.6831 0.6326 -0.3651
vn 0.5611 -0.7715 -0.2999
vn 0.9161 -0.2890 -0.2779
vn 0.4528 0.8810 -0.1374
vn 0.8448 -0.4696 -0.2563
vn 0.6088 0.7715 -0.1847
vn 0.7412 -0.6326 -0.2248
vn 0.7412 0.6326 -0.2248
vn 0.6088 -0.7715 -0.1847
vn 0.8448 0.4696 -0.2563
vn 0.4528 -0.8810 -0.1374
vn 0.9161 0.2890 -0.2779
vn 0.2790 -0.9565 -0.0846
vn 0.9524 0.0976 -0.2889
vn 0.0942 0.9951 -0.0286
vn 0.0942 -0.9951 -0.0286
vn 0.9524 -0.0976 -0.2889
vn 0.2790 0.9565 -0.0846
vn 0.4709 -0.8810 -0.0464
vn 0.9527 0.2890 -0.0938
vn 0.2902 -0.9565 -0.0286
vn 0.9904 0.0976 -0.0975
vn 0.0980 0.9951 -0.0097
vn 0.0980 -0.9951 -0.0097
vn 0.9904 -0.0976 -0.0975
vn 0.2902 0.9565 -0.0286
vn 0.9527 -0.2890 -0.0938
vn 0.4709 0.8810 -0.0464
vn 0.8786 -0.4696 -0.0865
vn 0.6332 0.7715 -0.0624
vn 0.7708 -0.6326 -0.0759
vn 0.7708 0.6326 -0.0759
vn 0.6332 -0.7715 -0.0624
vn 0.8786 0.4696 -0.0865
vn 0.8786 -0.4696 0.0865
vn 0.6332 0.7715 0.0624
vn 0.7708 -0.6326 0.0759
vn 0.7708 0.6326 0.0759
vn 0.6332 -0.7715 0.0624
vn 0.8786 0.4696 0.0865
vn 0.4709 -0.8810 0.0464
vn 0.9527 0.2890 0.0938
vn 0.2902 -0.9565 0.0286
vn 0.9904 0.0976 0.0975
vn 0.0980 0.9951 0.0097
vn 0.0980 -0.9951 0.0097
vn 0.9904 -0.0976 0.0975
vn 0.2902 0.9565 0.0286
vn 0.9527 -0.2890 0.0938
vn 0.4709 0.8810 0.0464
vn 0.2790 -0.9565 0.0846
vn 0.9524 0.0976 0.2889
vn 0.0942 0.9951 0.0286
vn 0.0942 -0.9951 0.0286
vn 0.9524 -0.0976 0.2889
vn 0.2790 0.9565 0.0846
vn 0.9161 -0.2890 0.2779
vn 0.4528 0.8810 0.1374
vn 0.8448 -0.4696 0.2563
vn 0.6088 0.7715 0.1847
vn 0.7412 -0.6326 0.2248
vn 0.7412 0.6326 0.2248
vn 0.6088 -0.7715 0.1847
vn 0.8448 0.4696 0.2563
vn 0.4528 -0.8810 0.1374
vn 0.9161 0.2890 0.2779
vn 0.5611 0.7715 0.2999
vn 0.6831 -0.6326 0.3651
vn 0.6831 0.6326 0.3651
vn 0.5611 -0.7715 0.2999
vn 0.7786 0.4696 0.4162
vn 0.4173 -0.8810 0.2230
vn 0.8443 0.2890 0.4513
vn 0.2571 -0.9566 0.1374
vn 0.8777 0.0976 0.4691
vn 0.0869 0.9951 0.0464
vn 0.0869 -0.9951 0.0464
vn 0.8777 -0.0976 0.4691
vn 0.2571 0.9565 0.1374
vn 0.8443 -0.2890 0.4513
vn 0.4173 0.8810 0.2231
vn 0.7786 -0.4696 0.4162
vn 0.7693 0.0976 0.6314
vn 0.0761 0.9951 0.0625
vn 0.0761 -0.9951 0.0625
vn 0.7693 -0.0976 0.6314
vn 0.2254 0.9565 0.1850
vn 0.7400 -0.2890 0.6073
vn 0.3658 0.8810 0.3002
vn 0.6825 -0.4696 0.5601
vn 0.4918 0.7715 0.4036
vn 0.5987 -0.6326 0.4913
vn 0.5987 0.6326 0.4913
vn 0.4918 -0.7715 0.4036
vn 0.6825 0.4696 0.5601
vn 0.3658 -0.8810 0.3002
vn 0.7400 0.2890 0.6073
vn 0.2254 -0.9566 0.1850
vn 0.4913 -0.6326 0.5987
vn 0.4913 0.6326 0.5987
vn 0.4036 -0.7715 0.4918
vn 0.5601 0.4696 0.6825
vn 0.3002 -0.8810 0.3658
vn 0.6073 0.2890 0.7400
vn 0.1850 -0.9565 0.2254
vn 0.6314 0.0976 0.7693
vn 0.0625 0.9951 0.0761
vn 0.0625 -0.9951 0.0761
vn 0.6314 -0.0976 0.7693
vn 0.1850 0.9565 0.2254
vn 0.6073 -0.2890 0.7400
vn 0.3002 0.8810 0.3658
vn 0.5601 -0.4696 0.6825
vn 0.4036 0.7715 0.4918
vn 0.0464 0.9951 0.0869
vn 0.0464 -0.9951 0.0869
vn 0.4691 -0.0976 0.8777
vn 0.1374 0.9565 0.2571
vn 0.4513 -0.2890 0.8443
vn 0.2230 0.8810 0.4173
vn 0.4162 -0.4696 0.7786
vn 0.2999 0.7715 0.5611
vn 0.3651 -0.6326 0.6831
vn 0.3651 0.6326 0.6831
vn 0.2999 -0.7715 0.5611
vn 0.4162 0.4696 0.7786
vn 0.2231 -0.8810 0.4173
vn 0.4513 0.2890 0.8443
vn 0.1374 -0.9566 0.2571
vn 0.4691 0.0976 0.8777
vn 0.2248 0.6326 0.7412
vn 0.1847 -0.7715 0.6088
vn 0.2563 0.4696 0.8448
vn 0.1374 -0.8810 0.4528
vn 0.2779 0.2890 0.9161
vn 0.0846 -0.9565 0.2790
vn 0.2889 0.0976 0.9524
vn 0.0286 0.9951 0.0942
vn 0.0286 -0.9951 0.0942
vn 0.2889 -0.0976 0.9524
vn 0.0846 0.9565 0.2790
vn 0.2779 -0.2890 0.9161
vn 0.1374 0.8810 0.4528
vn 0.2563 -0.4696 0.8448
vn 0.1847 0.7715 0.6088
vn 0.2248 -0.6326 0.7412
vn 0.0975 -0.0976 0.9904
vn 0.0286 0.9565 0.2902
vn 0.0938 -0.2890 0.9527
vn 0.0464 0.8810 0.4709
vn 0.0865 -0.4696 0.8786
vn 0.0624 0.7715 0.6332
vn 0.0759 -0.6326 0.7708
vn 0.0759 0.6326 0.7708
vn 0.0624 -0.7715 0.6332
vn 0.0865 0.4696 0.8786
vn 0.0464 -0.8810 0.4709
vn 0.0938 0.2890 0.9527
vn 0.0286 -0.9565 0.2902
vn 0.0975 0.0976 0.9904
vn 0.0097 0.9951 0.0980
vn 0.0097 -0.9951 0.0980
vn -0.0624 -0.7715 0.6332
vn -0.0865 0.4696 0.8786
vn -0.0464 -0.8810 0.4709
vn -0.0938 0.2890 0.9527
vn -0.0286 -0.9565 0.2902
vn -0.0976 0.0976 0.9904
vn -0.0097 0.9951 0.0980
vn -0.0097 -0.9951 0.0980
vn -0.0976 -0.0976 0.9904
vn -0.0286 0.9565 0.2902
vn -0.0938 -0.2890 0.9527
vn -0.0464 0.8810 0.4709
vn -0.0865 -0.4696 0.8786
vn -0.0624 0.7715 0.6332
vn -0.0759 -0.6326 0.7708
vn -0.0759 0.6326 0.7708
vn -0.2779 -0.2890 0.9161
vn -0.1374 0.8810 0.4528
vn -0.2563 -0.4696 0.8448
vn -0.1847 0.7715 0.6088
vn -0.2248 -0.6326 0.7412
vn -0.2248 0.6326 0.7412
vn -0.1847 -0.7715 0.6088
vn -0.2563 0.4696 0.8448
vn -0.1374 -0.8810 0.4528
vn -0.2779 0.2890 0.9161
vn -0.0846 -0.9565 0.2790
vn -0.2889 0.0976 0.9524
vn -0.0286 0.9951 0.0942
vn -0.0286 -0.9951 0.0942
vn -0.2889 -0.0976 0.9524
vn -0.0846 0.9565 0.2790
vn -0.2230 -0.8810 0.4173
vn -0.4513 0.2890 0.8443
vn -0.1374 -0.9565 0.2571
vn -0.4691 0.0976 0.8777
vn -0.0464 0.9951 0.0869
vn -0.0464 -0.9951 0.0869
vn -0.4691 -0.0976 0.8777
vn -0.1374 0.9565 0.2571
vn -0.4513 -0.2890 0.8443
vn -0.2230 0.8810 0.4173
vn -0.4162 -0.4696 0.7786
vn -0.2999 0.7715 0.5611
vn -0.3651 -0.6326 0.6831
vn -0.3651 0.6326 0.6831
vn -0.2999 -0.7715 0.5611
vn -0.4162 0.4696 0.7786
vn -0.3002 0.8810 0.3658
vn -0.5601 -0.4696 0.6825
vn -0.4036 0.7715 0.4918
vn -0.4913 -0.6326 0.5987
vn -0.4913 0.6326 0.5987
vn -0.4036 -0.7715 0.4918
vn -0.5601 0.4696 0.6825
vn -0.3002 -0.8810 0.3658
vn -0.6073 0.2890 0.7400
vn -0.1850 -0.9565 0.2254
vn -0.6314 0.0976 0.7693
vn -0.0625 0.9951 0.0761
vn -0.0625 -0.9951 0.0761
vn -0.6314 -0.0976 0.7693
vn -0.1850 0.9565 0.2254
vn -0.6073 -0.2890 0.7400
vn -0.7400 0.2890 0.6073
vn -0.2254 -0.9565 0.1850
vn -0.7693 0.0976 0.6314
vn -0.0761 0.9951 0.0625
vn -0.0761 -0.9951 0.0625
vn -0.7693 -0.0976 0.6314
vn -0.2254 0.9565 0.1850
vn -0.7400 -0.2890 0.6073
vn -0.3658 0.8810 0.3002
vn -0.6825 -0.4696 0.5601
vn -0.4918 0.7715 0.4036
vn -0.5987 -0.6326 0.4913
vn -0.5987 0.6326 0.4913
vn -0.4918 -0.7715 0.4036
vn -0.6825 0.4696 0.5601
vn -0.3658 -0.8810 0.3002
vn -0.7786 -0.4696 0.4162
vn -0.5611 0.7715 0.2999
vn -0.6831 -0.6326 0.3651
vn -0.6831 0.6326 0.3651
vn -0.5611 -0.7715 0.2999
vn -0.7786 0.4696 0.4162
vn -0.4173 -0.8810 0.2231
vn -0.8443 0.2890 0.4513
vn -0.2571 -0.9565 0.1374
vn -0.8777 0.0976 0.4691
vn -0.0869 0.9951 0.0464
vn -0.0869 -0.9951 0.0464
vn -0.8777 -0.0976 0.4691
vn -0.2571 0.9565 0.1374
vn -0.8443 -0.2890 0.4513
vn -0.4173 0.8810 0.2230
vn -0.2790 -0.9565 0.0846
vn -0.9524 0.0976 0.2889
vn -0.0942 0.9951 0.0286
vn -0.0942 -0.9951 0.0286
vn -0.9524 -0.0976 0.2889
vn -0.2790 0.9565 0.0846
vn -0.9161 -0.2890 0.2779
vn -0.4528 0.8810 0.1374
vn -0.8448 -0.4696 0.2563
vn -0.6088 0.7715 0.1847
vn -0.7412 -0.6326 0.2248
vn -0.7412 0.6326 0.2248
vn -0.6088 -0.7715 0.1847
vn -0.8448 0.4696 0.2563
vn -0.4528 -0.8810 0.1374
vn -0.9161 0.2890 0.2779
vn -0.6332 0.7715 0.0624
vn -0.7708 -0.6326 0.0759
vn -0.7708 0.6326 0.0759
vn -0.6332 -0.7715 0.0624
vn -0.8786 0.4696 0.0865
vn -0.4709 -0.8810 0.0464
vn -0.9527 0.2890 0.0938
vn -0.2902 -0.9565 0.0286
vn -0.9904 0.0976 0.0975
vn -0.0980 0.9951 0.0097
vn -0.0980 -0.9951 0.0097
vn -0.9904 -0.0976 0.0975
vn -0.2902 0.9565 0.0286
vn -0.9527 -0.2890 0.0938
vn -0.4709 0.8810 0.0464
vn -0.8786 -0.4696 0.0865
vn -0.9904 0.0976 -0.0976
vn -0.0980 0.9951 -0.0097
vn -0.0980 -0.9951 -0.0097
vn -0.9904 -0.0976 -0.0976
vn -0.2902 0.9565 -0.0286
vn -0.9527 -0.2890 -0.0938
vn -0.4709 0.8810 -0.0464
vn -0.8786 -0.4696 -0.0865
vn -0.6332 0.7715 -0.0624
vn -0.7708 -0.6326 -0.0759
vn -0.7708 0.6326 -0.0759
vn -0.6332 -0.7715 -0.0624
vn -0.8786 0.4696 -0.0865
vn -0.4709 -0.8810 -0.0464
vn -0.9527 0.2890 -0.0938
vn -0.2902 -0.9565 -0.0286
vn -0.7412 -0.6326 -0.2248
vn -0.7412 0.6326 -0.2248
vn -0.6088 -0.7715 -0.1847
vn -0.8448 0.4696 -0.2563
vn -0.4528 -0.8810 -0.1374
vn -0.9161 0.2890 -0.2779
vn -0.2790 -0.9565 -0.0846
vn -0.9524 0.0976 -0.2889
vn -0.0942 0.9951 -0.0286
vn -0.0942 -0.9951 -0.0286
vn -0.9524 -0.0976 -0.2889
vn -0.2790 0.9565 -0.0846
vn -0.9161 -0.2890 -0.2779
vn -0.4528 0.8810 -0.1374
vn -0.8448 -0.4696 -0.2563
vn -0.6088 0.7715 -0.1847
vn -0.0869 -0.9951 -0.0464
vn -0.8777 -0.0976 -0.4691
vn -0.2571 0.9565 -0.1374
vn -0.8443 -0.2890 -0.4513
vn -0.4173 0.8810 -0.2231
vn -0.7786 -0.4696 -0.4162
vn -0.5611 0.7715 -0.2999
vn -0.6831 -0.6326 -0.3651
vn -0.6831 0.6326 -0.3651
vn -0.5611 -0.7715 -0.2999
vn -0.7786 0.4696 -0.4162
vn -0.4173 -0.8810 -0.2231
vn -0.8443 0.2890 -0.4513
vn -0.2571 -0.9565 -0.1374
vn -0.8777 0.0976 -0.4691
vn -0.0869 0.9951 -0.0464
vn -0.4918 -0.7715 -0.4036
vn -0.6825 0.4696 -0.5601
vn -0.3658 -0.8810 -0.3002
vn -0.7400 0.2890 -0.6073
vn -0.2254 -0.9565 -0.1850
vn -0.7693 0.0976 -0.6314
vn -0.0761 0.9951 -0.0625
vn -0.0761 -0.9951 -0.0625
vn -0.7693 -0.0976 -0.6314
vn -0.2254 0.9565 -0.1850
vn -0.7400 -0.2890 -0.6073
vn -0.3658 0.8810 -0.3002
vn -0.6825 -0.4696 -0.5601
vn -0.4918 0.7715 -0.4036
vn -0.5987 -0.6326 -0.4913
vn -0.5987 0.6326 -0.4913
vn -0.1850 0.9565 -0.2254
vn -0.6073 -0.2890 -0.7400
vn -0.3002 0.8810 -0.3658
vn -0.5601 -0.4696 -0.6825
vn -0.4036 0.7715 -0.4918
vn -0.4913 -0.6326 -0.5987
vn -0.4913 0.6326 -0.5987
vn -0.4036 -0.7715 -0.4918
vn -0.5601 0.4696 -0.6825
vn -0.3002 -0.8810 -0.3658
vn -0.6073 0.2890 -0.7400
vn -0.1850 -0.9565 -0.2254
vn -0.6314 0.0976 -0.7693
vn -0.0625 0.9951 -0.0761
vn -0.0625 -0.9951 -0.0761
vn -0.6314 -0.0976 -0.7693
vn -0.4162 0.4696 -0.7786
vn -0.2231 -0.8810 -0.4173
vn -0.4513 0.2890 -0.8443
vn -0.1374 -0.9565 -0.2571
vn -0.4691 0.0976 -0.8777
vn -0.0464 0.9951 -0.0869
vn -0.0464 -0.9951 -0.0869
vn -0.4691 -0.0976 -0.8777
vn -0.1374 0.9565 -0.2571
vn -0.4513 -0.2890 -0.8443
vn -0.2230 0.8810 -0.4173
vn -0.4162 -0.4696 -0.7786
vn -0.2999 0.7715 -0.5611
vn -0.3651 -0.6326 -0.6831
vn -0.3651 0.6326 -0.6831
vn -0.2999 -0.7715 -0.5611
vn -0.2779 -0.2890 -0.9161
vn -0.1374 0.8810 -0.4528
vn -0.2563 -0.4696 -0.8448
vn -0.1847 0.7715 -0.6088
vn -0.2248 -0.6326 -0.7412
vn -0.2248 0.6326 -0.7412
vn -0.1847 -0.7715 -0.6088
vn -0.2563 0.4696 -0.8448
vn -0.1374 -0.8810 -0.4528
vn -0.2779 0.2890 -0.9161
vn -0.0846 -0.9565 -0.2790
vn -0.2889 0.0976 -0.9524
vn -0.0286 0.9951 -0.0942
vn -0.0286 -0.9951 -0.0942
vn -0.2889 -0.0976 -0.9524
vn -0.0846 0.9565 -0.2790
vn -0.0464 -0.8810 -0.4709
vn -0.0938 0.2890 -0.9527
vn -0.0286 -0.9565 -0.2902
vn -0.0976 0.0975 -0.9904
vn -0.0097 0.9951 -0.0980
vn -0.0097 -0.9951 -0.0980
vn -0.0976 -0.0976 -0.9904
vn -0.0286 0.9565 -0.2902
vn -0.0938 -0.2890 -0.9527
vn -0.0464 0.8810 -0.4709
vn -0.0865 -0.4696 -0.8786
vn -0.0624 0.7715 -0.6332
vn -0.0759 -0.6326 -0.7708
vn -0.0759 0.6326 -0.7708
vn -0.0624 -0.7715 -0.6332
vn -0.0865 0.4696 -0.8786
vn 0.0976 0.0975 -0.9904
vn 0.0976 -0.0975 -0.9904
vn 0.0846 0.9566 -0.2790
vn 0.2231 0.8810 -0.4173
vn 0.7693 0.0975 -0.6314
vn 0.7693 -0.0976 -0.6314
vn 0.4173 -0.8810 -0.2231
vn 0.9524 -0.0975 -0.2889
vn 0.4173 -0.8810 0.2231
vn 0.2571 -0.9565 0.1374
vn 0.2254 -0.9565 0.1850
vn 0.2230 -0.8810 0.4173
vn 0.1374 -0.9565 0.2571
vn -0.0846 0.9566 0.2790
vn -0.2231 -0.8810 0.4173
vn -0.1374 0.9566 0.2571
vn -0.4173 0.8810 0.2231
vn -0.4173 -0.8810 -0.2230
vn -0.2230 -0.8810 -0.4173
vn -0.0976 0.0976 -0.9904
vn -0.0976 -0.0975 -0.9904